diagnostic_name:None
diagnostic_code:None
diagnostic_resolution:None
image_size_h_mm:4.6125
image_size_v_mm:3.7124999999999995
pixel_number_h:40
pixel_number_v:32
pixel_size_h_microns:112.5
pixel_size_v_microns:112.5
start_h_mm:-2.30625
end_h_mm:2.30625
start_v_mm:-1.8562499999999997
end_v_mm:1.8562499999999997
